    1    2    6
  16.000
    1    1  0.0200  0.0000  0.0000
 -1.445136   0.025196   0.078435
  1.445136  -0.025196  -0.078435
    1    2  0.0000  0.0200  0.0000
  0.024652  -0.001554  -0.002325
 -0.024652   0.001554   0.002325
    1    3  0.0000  0.0000  0.0200
  0.079235  -0.002884  -0.005588
 -0.079235   0.002884   0.005588
    2    1  0.0200  0.0000  0.0000
  1.445181  -0.026278  -0.078191
 -1.445181   0.026278   0.078191
    2    2  0.0000  0.0200  0.0000
 -0.025556   0.001762  -0.000109
  0.025556  -0.001762   0.000109
    2    3  0.0000  0.0000  0.0200
 -0.078413   0.000742   0.006548
  0.078413  -0.000742  -0.006548
